2194.78
3880.90
7243.54
7671.02
2406.89
354.79
9522.99
5304.84
1604.20
3627.53
2776.14
5807.04
6408.66
1188.87
312.92
4808.34
1541.03
9266.00
4122.29
4038.44
1531.73
8750.66
8773.36
928.45
3325.92
6934.92
1708.96
3459.22
3650.71
3416.60
9153.88
1712.14
1933.73
9662.12
4610.39
7348.78
867.95
2153.35
5705.70
3235.66
9572.58
5903.93
1201.42
2767.18
1456.65
7191.40
7551.46
8479.26
1608.77
4269.30
8016.57
2063.85
6569.37
2901.59
6858.02
3087.92
9427.00
2389.10
6987.80
1399.20
4451.82
6460.46
851.18
5120.14
2491.77
3752.85
5896.91
9951.83
383.52
2656.85
3021.91
2061.43
6337.00
7155.82
5355.03
746.16
1533.60
6836.58
3337.81
8419.85
9479.92
7516.84
271.90
7441.00
3367.56
8013.52
1669.03
6366.88
1432.42
8201.12
1784.81
1793.76
1516.76
4346.22
8800.00
4995.20
5680.13
875.59
4439.55
7045.71
9818.06
3581.08
1153.18
2601.25
9952.80
8374.99
7500.68
7645.51
9757.03
8835.79
6409.14
9045.87
8107.21
6060.39
8573.52
1568.99
3234.13
5064.73
3932.68
2807.07
8884.70
3059.32
8270.63
1831.15
8510.52
2960.71
311.65
3709.89
3851.76
8565.19
9225.39
2567.56
5782.93
3272.75
4745.90
7430.94
6708.21
638.91
9018.22
7209.25
4432.95
1723.51
4159.40
7.16
5465.41
5643.03
650.67
3866.94
5049.65
8685.73
7485.13
7457.14
8479.37
2371.00
3375.30
9641.31
1435.13
1035.34
9086.46
1151.86
7443.69
7246.65
1222.21
9849.06
2081.44
2497.44
4862.40
2927.44
7164.99
5741.92
7110.25
1008.12
3138.76
9282.87
8929.30
5987.05
4966.47
8257.02
8157.81
1412.03
6046.64
7905.71
7485.86
98.22
1934.02
3847.93
4387.57
8922.96
9302.86
6023.65
7289.76
8943.65
3618.39
2036.89
5302.81
9272.03
2099.49
9820.18
4163.64
2686.63
7307.39
5341.10
3751.13
3824.06
2171.59
8451.47
717.39
3625.19
1095.87
9135.81
405.09
2279.29
3512.38
8909.83
4839.62
2094.13
3181.53
8992.86
69.87
1738.86
7677.39
1755.71
5073.40
2938.02
8732.50
8234.84
9988.22
3745.43
5080.95
7484.99
3999.15
9316.55
4276.86
422.19
1575.53
3613.52
588.54
8433.60
8899.84
588.94
2024.93
873.70
5730.73
4369.90
888.12
7757.23
7339.27
1452.27
6158.29
7982.07
8202.31
3686.25
8099.37
606.80
907.51
8055.86
5469.81
8951.24
1868.59
8324.61
626.40
6000.30
600.72
2335.33
2197.06
2592.50
5992.85
6949.15
9221.28
6555.75
6336.43
4017.98
3578.42
4539.88
8389.34
3900.13
8896.76
8114.48
8222.52
8648.95
3387.45
632.64
2668.63
925.70
6713.10
9449.15
6563.09
4163.60
2416.06
3509.91
6997.40
4887.17
8203.72
3299.63
940.67
8317.62
4266.78
2569.50
6058.93
5771.25
9614.47
633.78
7194.34
9020.09
1951.84
8976.68
8216.06
6659.45
6566.76
5355.42
1480.39
6153.73
3739.15
4387.33
5991.65
8779.69
1159.13
9857.40
8572.54
4416.06
8316.20
2926.45
5109.36
7512.37
3803.27
2662.67
2626.04
5826.24
4431.21
4464.79
9786.98
7913.61
2114.72
9485.71
585.51
239.48
2084.84
2942.85
3660.28
8500.64
9417.59
637.99
4095.76
9474.49
2228.61
475.66
72.23
2199.68
6734.41
1318.55
7043.47
3848.85
3621.64
9625.99
875.69
2556.61
4126.18
7039.28
7479.78
374.37
7813.44
3169.68
4144.22
879.03
3493.76
1294.24
3043.27
9462.17
7701.28
8213.07
1147.83
2033.11
5925.98
106.91
2718.13
6609.01
2007.50
6857.22
1072.86
4469.95
1270.40
5197.75
2567.74
1599.31
4217.15
5586.92
3006.60
7355.79
3401.75
446.92
4081.85
3221.81
3583.14
542.20
7485.08
797.38
2925.43
4165.68
6997.82
2290.94
7989.83
7607.93
3407.53
2310.32
7087.82
4064.47
9449.85
6536.88
1034.04
7807.98
6974.69
1077.80
2063.42
9334.78
2047.06
405.27
5423.99
43.82
5758.97
4461.39
8465.12
5934.17
532.94
6875.92
1286.39
9415.18
389.81
7054.53
7658.33
7011.49
3947.65
8935.26
4697.48
6155.90
1307.38
8352.50
4467.72
9216.44
7704.02
2150.94
1412.95
1129.80
2247.13
2219.05
2219.52
4470.52
3097.07
8182.08
5872.80
8711.99
7354.74
7020.99
8543.32
1339.22
1285.02
4574.30
2895.03
6708.72
2316.63
2090.23
6098.71
6123.18
9950.21
9897.75
7228.42
8283.94
3655.54
1460.64
7824.89
6464.46
9914.86
7750.35
9704.43
1458.59
7180.58
2874.76
6030.67
4681.34
5686.35
9153.48
4166.24
887.82
7674.65
3721.09
4885.03
2928.64
6121.79
8491.58
6385.96
4978.75
9216.40
3471.83
220.79
483.15
7961.52
9708.92
7416.55
2787.85
7140.79
981.12
9139.82
7846.69
1518.14
4210.87
9548.43
1894.87
2734.17
537.72
1484.29
805.28
7115.13
700.20
5241.47
7781.67
714.94
6613.45
4348.67
3941.83
6043.89
9963.17
1278.00
1979.95
8877.65
601.68
832.70
5858.33
379.21
1035.33
3991.59
5377.11
2158.83
3856.68
9137.81
3621.33
5417.05
1828.28
3415.03
8512.76
9643.31
5366.77
8876.17
7497.11
1397.41
45.97
7912.55
5139.93
2310.35
7036.27
6507.47
8681.59
3477.79
3306.46
2937.69
133.36
2796.82
8578.24
1511.02
5524.96
609.95
8462.18
9627.92
3010.99
2332.13
9350.98
8421.47
7797.90
5076.00
5824.42
5864.63
4205.28
8330.88
1552.42
1093.50
5232.32
5528.19
1637.17
1493.74
602.55
4325.18
4898.55
52.57
2614.37
3425.80
134.55
7008.26
8492.36
4205.75
8109.89
9899.16
4331.89
9621.73
4352.43
2074.42
2024.27
7559.68
9443.13
8604.79
4067.06
9513.87
4692.44
7072.78
4906.58
3656.56
6137.85
6534.48
2139.81
5587.10
9563.06
8837.53
9713.30
6318.06
4059.16
4437.99
68.04
3348.32
7695.46
6461.07
4480.22
9402.73
9785.92
4921.81
4416.89
7976.56
1204.94
8273.61
7462.87
5868.22
3029.87
5850.88
5748.76
2064.71
571.04
2295.34
9890.17
8063.89
429.89
5423.98
2646.95
5091.16
5821.11
455.84
8758.14
4839.50
1942.11
9813.35
9026.33
6278.11
3689.60
9283.58
8985.10
520.55
881.09
2386.20
3343.86
8542.89
150.76
2584.64
7212.56
885.04
8620.05
1666.59
4515.68
2837.76
5477.36
9714.39
1487.93
8683.18
4884.21
5909.06
33.89
4855.56
7314.47
5369.71
9865.13
5015.52
497.24
1104.63
4714.67
1651.22
4555.20
6168.71
1149.83
825.71
190.10
872.26
4141.25
4420.25
8562.15
2405.33
8433.51
3748.41
190.14
7461.16
1644.39
199.51
5853.42
7990.97
6816.04
2981.15
5350.85
1747.07
5322.58
2121.51
6843.91
3881.61
2295.95
5751.33
1307.71
2848.57
764.00
3893.43
8704.78
6117.31
3667.54
6451.50
6170.67
3376.87
1655.48
9449.76
5099.61
9537.13
4699.04
9329.01
7917.17
4942.76
136.72
2402.15
4378.81
8879.78
9132.19
6236.56
4692.13
8241.51
3626.45
6667.56
3482.92
1237.69
4664.28
400.68
5467.22
9628.09
1845.93
420.23
4456.42
3957.41
9701.76
6693.51
7301.73
1096.54
4949.67
9254.28
6721.37
4233.62
3188.29
9917.82
7544.07
3255.58
3781.92
5684.19
7323.56
4099.51
6136.52
9720.09
8561.59
3848.92
2731.26
8344.62
4922.45
4707.45
1452.38
1002.90
3029.60
9834.54
776.88
2625.21
3628.37
6433.43
963.48
246.84
3116.79
9542.06
9052.98
7283.97
6557.16
6162.15
2136.14
7077.38
1874.89
8938.01
581.11
3230.31
8534.96
1215.65
7500.45
4726.68
3025.45
6023.22
2123.92
6957.95
2960.22
1917.87
3231.65
9333.63
6676.19
7514.00
9727.96
4279.10
3026.34
8546.23
3970.65
7343.70
6410.92
8652.36
3907.02
9936.67
3148.08
403.65
3458.28
8301.35
8219.13
3277.04
9166.65
6292.48
718.25
6787.07
3593.89
1534.99
496.25
8139.69
8874.35
120.27
2497.66
534.28
3518.00
3737.86
7001.64
4414.63
8790.66
2034.33
1060.53
2352.76
6104.87
5958.10
5350.21
6520.11
7586.78
3058.72
2941.90
5185.03
7202.81
9113.94
3238.08
2250.32
1161.22
3241.65
406.35
3297.71
1086.66
5850.20
8860.83
8985.63
5354.17
7551.67
4167.22
241.28
2001.71
2265.96
5581.68
771.38
4198.31
5776.41
8410.25
6743.50
8111.50
758.54
5710.53
1059.06
7154.90
3176.15
6885.86
8765.58
32.07
4294.37
3389.36
7857.16
7711.20
6584.49
3906.34
2379.48
1226.31
2094.27
6222.25
5923.66
9665.50
5148.40
9411.10
2309.52
5591.18
840.02
8245.13
1754.36
5635.26
8134.98
9490.24
6495.80
1986.35
824.86
3666.15
9843.69
2802.15
2275.08
1359.18
9016.93
4308.82
5611.00
143.93
4774.47
8340.43
578.59
3204.61
3858.14
7267.84
9672.54
9702.37
6264.95
8515.90
2887.75
3774.10
2303.35
9838.57
72.79
6934.44
3792.31
7138.94
1276.95
775.61
5682.24
8952.52
6109.47
8061.23
340.12
6185.34
3613.77
1404.67
1283.76
360.13
4018.66
9732.19
8901.07
5999.68
3972.47
187.50
7722.26
6946.93
401.43
7341.69
8113.42
647.78
4866.08
9935.58
3896.96
7017.21
2147.84
4994.48
556.30
354.88
4893.05
2948.44
648.18
7001.75
3156.19
7829.38
1807.41
243.63
7764.37
4129.21
4806.22
2468.20
3728.09
8405.17
8804.30
2420.95
6968.23
2684.50
4407.92
962.51
2991.02
9640.28
4166.89
9221.80
6265.36
7023.64
5545.50
3817.05
4537.71
9073.06
6789.56
1172.98
3699.28
8476.51
2748.16
4378.75
3180.32
1255.70
6400.08
6956.40
9300.78
7795.44
3200.58
6068.00
1411.16
57.12
4206.96
8943.16
1559.38
3105.55
9608.88
9678.81
8548.09
8917.14
3388.64
8748.50
2692.89
7898.88
5591.69
621.53
6088.46
7589.37
9572.70
692.63
2173.72
7475.65
6710.00
5669.36
1481.74
9695.20
9922.77
3034.19
537.76
9613.17
4285.44
2156.52
3118.56
9345.06
9728.62
894.61
9656.39
6124.98
8012.63
9387.23
780.88
9502.71
2421.15
2172.22
1094.92
5390.75
2534.99
8354.68
985.04
7932.19
5613.27
6.24
5331.57
2121.98
5865.80
4620.86
6886.08
2453.49
9374.37
6871.07
9305.29
4179.31
8139.31
4400.50
7624.75
87.65
9950.28
750.58
1696.06
5141.97
7790.62
3587.84
2933.56
1520.62
9052.74
2728.05
3418.86
499.00
2046.25
5236.85
2372.91
5920.27
8130.12
3864.29
7828.78
7150.05
9997.43
202.99
6591.64
5329.14
9572.21
6953.41
4675.12
2965.98
4207.56
3961.88
1034.54
4782.07
7761.23
4728.30
3190.68
3872.08
7063.27
8974.23
7551.05
1356.63
1173.93
953.91
2724.80
499.41
1652.93
9692.95
1776.32
4608.00
7233.64
4918.74
5615.13
7554.47
9680.89
3911.73
6517.96
518.84
8930.08
8883.14
9921.17
3838.18
3432.43
7081.68
6148.58
8500.31
9430.79
9841.25
9026.10
314.12
868.27
3603.38
1096.23
3994.28
7378.66
8732.17
3259.63
9041.78
6483.12
4174.38
8296.18
9894.85
3789.99
4853.95
6167.60
4079.35
6244.89
6069.23
8052.76
5908.48
2728.51
4645.57
4324.37
3592.34
9115.39
3469.49
5380.39
2057.84
4980.33
1634.29
5222.44
7146.13
2972.77
5925.30
8440.55
9015.78
7796.90
2186.60
6334.33
7126.68
32.68
6035.78
9421.65
871.03
2255.58
9216.19
2007.86
3034.67
6792.92
2151.46
4578.05
5170.21
4262.73
4905.33
1875.52
1048.22
9408.07
1288.15
3343.54
8048.75
1411.01
5442.35
8690.63
9422.84
4582.31
2630.50
1841.96
6977.64
1239.31
1513.44
7020.01
4011.00
2492.10
2943.35
5329.08
1635.45
191.63
12.53
5005.26
9175.19
9458.73
3433.47
5423.34
3495.53
5031.31
895.91
2771.53
3784.76
7845.86
1459.19
3927.65
9282.32
2489.01
7319.06
3067.15
4728.67
6584.60
6836.97
4372.96
234.86
4107.56
8403.48
9163.27
5799.61
8416.50
3566.76
8514.51
8910.66
6281.94
3991.76
2509.81
9962.89
6372.73
7544.22
8797.97
4632.03
2745.10
4740.36
299.27
2285.44
5403.61
3995.60
7554.61
8319.57
5599.84
5656.99
5984.66
5659.55
4777.49
3408.16
8117.10
7980.77
2822.44
2122.03
2505.00
2134.57
5535.86
5257.28
3048.43
8338.43
795.79
4009.05
9000.04
8746.73
2252.12
2342.81
9330.55
6504.75
2803.93
1177.56
7085.39
5763.69
1276.52
1648.94
7219.39
278.04
2660.71
9615.67
245.71
7957.50
7842.15
971.89
7143.72
464.86
621.95
7892.10
7755.37
9873.84
9451.48
7328.85
9579.04
1297.85
6682.78
3800.92
5390.35
9372.97
8939.49
2247.32
876.34
2154.50
6808.27
4327.20
4852.81
7203.65
3173.35
8364.55
8195.07
3031.15
8140.46
261.81
8373.54
4892.76
1026.77
5788.87
1518.60
9195.54
7269.68
1457.69
2077.66
4920.67
2919.54
6626.10
1017.78
7698.88
2945.90
1612.95
2564.26
9706.10
2041.06
9052.84
1613.28
4713.00
9373.29
1357.49
7852.40
6641.80
7311.69
1757.74
3684.85
7082.19
4132.03
2456.58
8822.29
6947.67
6800.74
309.77
6467.05
562.67
7379.08
9845.11
7026.29
7449.39
5794.26
9489.32
949.02
9150.76
4899.37
3331.50
8583.40
262.70
2147.79
4847.13
8987.62
7232.90
8696.20
4069.73
948.30
294.37
5140.70
5006.70
7873.98
8163.90
7302.67
7710.13
3325.90
5877.36
8055.65
1623.23
5957.43
9472.05
4358.60
2612.08
9341.16
1783.79
9924.58
7219.16
5294.82
2804.75
1254.61
1325.92
7465.46
3415.50
3711.50
4092.30
8336.34
6187.73
1708.72
900.85
2447.81
899.13
1770.74
1832.48
2961.12
6283.27
7637.23
5127.62
6847.27
3082.66
2922.16
3836.21
3070.81
4124.00
4506.99
2312.56
9182.80
8208.58
9516.17
8294.70
2357.38
6027.16
5405.88
7794.15
8770.44
3678.04
8167.73
7102.06
6965.92
2367.42
1356.19
2951.75
1267.20
3849.65
9645.98
2266.02
2824.69
7257.13
1452.03
8454.16
7651.04
8106.32
8995.91
8860.87
156.17
5558.29
7786.10
792.77
2421.25
4554.25
4651.94
8891.55
2694.31
1248.55
2364.01
2569.78
795.38
6701.08
5248.48
6838.92
4914.77
2824.28
5241.21
9248.18
7529.68
4968.51
8923.51
9166.41
4550.49
3263.09
3367.90
2565.71
2349.62
3599.63
2834.05
9856.57
4921.22
6907.78
1543.95
4432.99
1605.44
4014.24
5967.19
8447.77
9089.51
1441.55
5602.93
3882.73
3025.77
7492.85
9754.10
3565.01
5058.34
7954.61
6878.82
2624.47
6263.87
2862.50
1308.17
7598.28
6411.63
5161.01
6969.70
4425.53
1760.28
9537.58
214.62
5727.97
9953.63
1677.75
5052.67
4093.71
9381.94
4915.73
7026.97
3636.82
3497.32
9364.65
7244.86
8289.42
4883.99
5676.64
7292.20
6670.77
2491.93
3001.06
4801.93
9576.62
6464.14
6805.94
9424.38
9980.03
4177.95
7657.61
4471.61
6740.46
945.09
6854.98
2845.80
2343.93
2592.43
9694.09
7857.82
7060.91
9823.24
6911.94
2043.89
5137.47
4717.29
4692.84
9481.80
5935.03
1603.73
9661.56
6047.87
7751.30
5843.91
6935.76
8282.96
2190.44
2500.46
5936.13
1685.85
6625.42
7314.19
1419.48
4207.83
2131.62
2816.70
6852.56
7627.33
3549.82
5977.03
1720.45
2482.92
526.11
1665.01
7942.09
624.38
943.64
4340.05
117.78
1719.17
9813.73
5435.05
9154.43
9734.06
1224.62
55.16
142.14
9731.45
3602.27
4443.62
4314.60
2052.21
4705.74
6912.04
4463.11
4174.67
2302.85
8603.94
9400.23
3163.58
9705.90
8882.13
8220.59
6446.21
8349.95
473.85
5913.64
9924.11
2564.37
1061.82
2428.19
3228.45
5581.07
2963.26
7086.79
4358.22
8461.80
2490.81
8210.48
8256.71
2550.92
7336.42
6638.38
7859.37
7538.05
9973.30
7704.00
8812.28
3505.54
8098.39
9703.23
2370.72
4226.66
9964.66
6117.73
184.95
9582.06
548.32
9685.50
4160.45
8510.22
8874.85
4817.61
902.44
4913.65
6272.35
6051.93
5794.39
6726.31
3907.83
399.54
884.76
9914.04
2628.93
436.51
7382.54
3536.88
7629.01
7841.10
282.89
8033.82
9135.42
9553.15
9367.94
8859.09
8360.96
9107.69
5680.44
8810.41
2106.18
7857.82
4195.12
6309.85
9951.21
1428.09
3688.71
168.38
5156.90
6177.23
1470.23
1074.26
9575.43
9009.63
8015.96
884.49
251.79
8347.68
1473.50
9254.84
9334.67
1071.09
8776.12
4063.30
1391.49
7967.29
1329.09
4882.02
7587.24
9566.82
9423.32
3220.45
9240.14
6267.69
6446.73
6112.63
478.90
6767.92
9659.50
9241.09
4162.53
3219.69
1241.23
7483.59
3176.60
295.30
7297.09
6827.59
5144.76
8079.75
8953.54
9924.34
4045.26
2381.21
1369.85
4329.97
8402.25
6836.01
3037.31
3721.57
1780.57
3587.58
2557.58
3841.24
1962.12
4476.20
825.94
2613.22
4725.96
4327.61
204.48
1584.79
6616.18
5849.78
1811.96
3492.76
6271.65
5119.41
8416.84
1022.77
9613.79
1540.04
7349.55
9924.22
4697.60
4641.37
6104.00
9596.80
2819.57
9331.77
2551.46
7821.84
3080.60
2711.97
1466.25
9833.11
627.59
7469.42
3030.85
6864.27
6446.02
1185.42
4356.28
2802.32
1299.06
5441.01
3310.73
642.98
875.55
4094.78
7316.40
8446.15
4082.42
6984.24
4324.97
2172.69
7187.54
4105.44
9180.11
6448.55
3832.47
3555.05
1674.26
5764.97
6913.11
6075.89
9464.35
7573.97
2082.76
6129.99
7048.39
8538.16
4914.74
8623.78
6831.79
1219.73
9383.90
69.09
1625.20
6314.22
2059.66
6816.39
5503.53
7829.38
2708.70
2494.68
9354.72
1499.57
2232.01
5695.04
6687.99
2857.85
5242.83
2203.31
5656.12
3647.90
4901.16
4393.56
9343.49
9449.70
8489.16
1015.04
8250.32
2875.74
5273.07
1029.76
4514.60
3019.13
6160.53
3586.13
6112.62
8531.62
8538.77
5465.24
6388.59
3159.49
778.86
117.05
6372.66
4811.34
463.92
5504.98
3428.11
202.10
6445.86
5496.02
4149.00
8046.89
1585.76
7521.79
4873.79
4203.27
6812.38
9943.35
9830.75
9981.38
5199.05
6646.59
8104.81
2272.61
6711.66
5185.65
2413.40
4383.60
6226.36
6632.83
6531.47
9196.83
6071.55
569.75
4152.81
4730.14
2829.25
2711.88
5831.91
5353.75
3591.34
5482.00
909.23
2867.73
4918.08
5599.10
4212.85
5111.76
3959.23
1487.14
8845.96
3546.57
5823.26
5883.70
6297.03
6047.10
7085.74
7214.34
4124.93
1855.89
239.01
4058.44
8659.27
8748.63
8061.86
5463.89
6897.12
6789.64
8124.14
1305.98
1697.16
7017.02
3515.17
6297.73
8297.86
2576.92
8668.22
9510.85
4555.16
3261.95
1577.73
8100.97
8062.88
6879.07
2237.92
3335.21
502.20
1661.41
3922.34
8931.63
6634.41
3291.86
8246.20
2421.79
9073.70
2914.79
6231.98
8067.58
319.86
8793.17
9885.44
6492.99
3786.69
7312.63
9199.74
4953.71
1807.93
4734.13
714.15
9163.03
5117.99
2545.68
4045.67
9591.64
6571.00
7693.11
1145.46
2639.93
8112.51
7586.84
4231.87
6896.44
6876.20
1827.65
122.32
283.41
1014.82
8430.59
1035.30
3206.89
7299.12
3658.88
5101.87
2588.38
5770.81
4675.54
7310.77
1049.27
9797.18
4153.84
7948.42
4308.61
8106.42
4847.06
5389.79
109.48
6052.50
2296.76
6900.74
5170.01
1963.48
8390.08
974.67
2709.12
4454.96
5738.50
1073.43
1104.52
159.76
4254.13
3004.84
2719.83
6557.35
7661.01
9105.44
4790.12
8740.08
830.73
6741.33
7398.78
3849.85
6589.25
194.48
5982.90
3344.31
1140.53
6679.69
5430.55
1773.91
3959.28
4921.64
4378.84
6353.67
1527.32
9293.09
8701.66
2655.89
5090.52
4904.45
415.34
4046.58
3784.67
1668.88
8495.02
6527.74
5187.68
7209.92
812.44
9276.86
340.21
2265.02
4998.45
1422.83
2521.55
9081.51
5377.02
8585.01
5232.53
8495.59
2384.05
1158.22
6471.67
1075.66
2855.43
984.14
2862.90
9123.95
5138.33
2648.32
3424.60
4914.15
7918.52
2568.00
6186.61
9960.19
135.27
4587.63
5208.92
8773.16
1512.62
1851.80
9298.56
7841.60
1596.25
9367.32
653.91
3805.17
6920.37
278.74
8873.54
9165.64
4384.94
2281.95
6091.47
9253.58
6356.08
548.17
9921.79
2956.16
2400.91
3858.69
2611.13
2246.97
3681.44
1743.06
7681.21
5836.92
3149.24
9043.13
8980.59
4347.87
706.34
6449.74
8383.23
9037.32
6201.21
4249.96
58.97
9700.87
5307.17
3407.49
5918.82
8912.88
4534.66
6942.20
9148.77
1114.25
2234.34
4881.86
7982.80
4410.76
1695.77
8831.01
287.46
3588.03
8642.29
7352.11
6560.02
4961.14
984.44
2629.09
4641.16
5118.74
5964.83
4706.17
4136.77
5131.85
1567.99
2423.61
1956.62
6999.85
5475.30
1013.91
3475.22
8838.20
1156.37
8697.12
7149.89
1676.91
8828.21
772.57
7030.74
6695.09
6880.88
9885.60
603.34
6216.18
4867.65
3047.26
1460.05
9555.06
9604.88
8738.35
7500.86
3798.90
6178.60
7104.01
582.89
5650.48
5450.50
9739.30
1182.86
6345.53
1474.49
2143.53
344.98
7741.01
2576.67
7856.99
6097.07
295.81
9097.27
3740.13
4139.67
9245.73
4564.02
9677.22
1974.93
7853.83
8382.71
7717.32
3864.91
9483.14
5403.72
5470.34
2968.26
7491.13
1182.39
1653.34
9914.51
673.40
7583.97
4326.41
1415.05
500.69
9658.32
2283.58
3870.93
1479.98
5812.30
4327.98
1030.40
51.37
3943.68
8809.98
2929.57
6874.98
7381.72
9035.84
7208.67
6438.71
6773.77
7319.23
8986.36
9337.66
4410.79
3511.26
9308.67
9539.69
686.40
3417.64
137.64
3961.09
6050.83
1461.05
4062.18
755.28
6157.22
3324.37
851.29
7511.53
7467.37
2314.38
3146.12
1618.48
423.08
5537.93
6716.33
9875.53
8986.87
1485.49
884.33
3526.01
8506.59
7032.60
1630.95
1978.88
9375.46
2623.84
407.56
6488.23
3867.16
7045.44
692.18
9310.33
2549.35
6724.98
2524.20
9444.50
3263.39
9367.59
2614.72
8422.73
6506.22
6345.37
2981.57
6532.27
9792.22
7013.01
3538.94
7402.80
2951.02
4701.41
7584.71
5407.14
8080.73
1507.80
2008.09
7643.22
2972.19
4973.36
6301.28
4242.38
1936.11
683.18
1086.38
4384.31
3887.48
2518.79
6419.95
6473.66
6221.52
302.39
2487.95
7131.02
7334.80
8884.36
5389.18
1915.72
7724.92
6183.56
9384.96
4918.91
3542.97
8142.40
3212.34
9761.79
3783.37
927.45
210.37
5292.47
968.98
9148.33
7235.67
4580.15
2708.87
8313.63
573.92
5553.30
5947.89
3070.03
3659.63
9937.10
6171.76
8167.05
6008.60
542.26
595.01
4343.06
6871.43
6733.39
3592.13
4913.22
1730.42
1119.37
5743.25
3715.26
3574.46
954.02
9849.78
4231.66
7655.68
7452.79
8661.53
8093.91
5216.16
2561.70
8830.51
8479.06
207.78
600.38
6892.82
2607.10
209.28
5917.33
395.97
1026.85
3611.87
79.33
4646.69
1167.56
7185.33
6675.65
5592.03
5672.29
4666.29
3707.82
350.47
8648.45
9606.96
9099.70
7551.77
2858.10
3298.92
4708.28
5692.22
6027.35
2380.54
5763.99
3683.82
2716.16
9855.03
6479.20
3910.25
1158.70
3083.74
414.01
3802.41
7237.01
7769.57
1004.81
9199.18
6871.53
1144.78
7588.40
7469.05
8177.19
5998.67
5678.70
8246.99
9658.22
479.52
1618.64
8306.03
104.54
6576.28
8530.70
3695.12
7217.37
3870.79
9309.88
4721.15
5244.91
354.78
2217.22
8081.64
1106.94
4406.61
6765.09
4603.86
204.21
6904.62
2272.03
2176.96
800.96
5405.42
5941.33
743.99
1822.05
4126.08
1677.74
8824.00
9104.65
4306.69
1307.54
5069.34
7958.20
5993.06
6803.94
4668.11
7120.32
2891.98
285.25
4988.46
1953.08
9638.24
7630.97
6127.94
3862.98
9113.98
5358.51
7495.95
4078.71
3411.33
7468.98
8050.47
3939.94
7750.91
5077.51
3942.57
3828.14
8834.30
7303.91
7662.49
4890.68
4077.95
8742.06
2476.27
169.70
974.46
8084.05
9815.82
4954.56
4295.01
6961.00
2185.00
762.60
4606.87
3841.81
2409.72
7604.43
9650.53
949.25
7798.07
1886.38
94.87
4100.77
1413.26
5327.59
5577.60
6934.40
8763.69
196.35
6865.94
9864.30
9857.61
4560.81
3480.11
9829.14
4858.70
3150.94
3813.85
180.10
5036.32
1269.92
3051.75
2560.59
22.92
7727.13
6617.99
3979.66
5010.51
6125.51
1330.72
2833.54
8374.00
8659.31
547.59
4931.85
8301.48
9184.85
8012.33
9787.81
5714.78
637.56
864.34
9767.99
4487.12
8941.70
9111.89
9614.14
7780.60
9481.01
6790.78
7141.60
1375.96
827.75
1122.26
3692.15
9654.15
3623.90
9303.94
959.83
1219.31
4886.12
9225.08
1348.37
1443.81
3333.15
4549.92
83.92
4083.40
1808.81
8733.52
5488.79
8613.17
531.22
5110.39
1457.96
4386.57
4552.61
3181.37
9255.16
7215.15
6365.62
9458.01
7303.28
5219.27
6472.42
7360.06
8710.09
8670.96
2288.64
3010.48
4099.05
1923.29
1945.50
1496.43
8552.03
9306.79
7795.68
1582.95
7291.66
1935.05
4581.84
8554.07
1317.57
6138.68
6384.11
7520.29
2566.73
5486.57
9380.39
9500.67
6055.15
8105.68
3151.05
2721.34
4287.44
7472.62
4649.83
9837.40
8486.56
3218.62
1785.97
8552.25
8603.81
1050.05
7605.26
1391.12
6070.67
7927.11
2117.92
320.51
8034.38
393.07
7410.00
3393.18
4160.91
1937.96
9470.57
1355.56
4693.74
8513.39
2468.23
4313.96
9942.07
9276.51
430.22
5477.16
14.94
7247.61
6187.69
3723.33
2941.59
551.41
7006.90
8929.67
7260.25
5855.21
9522.08
3607.48
912.52
4869.17
1655.84
2573.25
17.44
7632.51
7637.96
156.76
1237.49
804.42
780.74
5912.45
4961.28
4929.39
6481.99
8407.43
171.50
8440.59
7718.96
2891.07
7006.34
9130.43
9448.97
2679.73
1543.61
3705.96
2228.14
262.62
1810.80
2438.49
9971.18
6549.34
1178.34
8247.67
7314.23
7143.80
5572.18
3810.68
3473.55
853.79
2121.68
885.72
7595.35
696.22
5857.77
2827.92
5216.59
9742.70
6842.15
4014.81
1047.72
4148.86
5476.99
2313.51
60.30
5411.36
8798.97
3784.21
8264.96
1527.36
6002.84
8383.60
3222.97
4059.57
4145.45
5780.93
1286.31
1041.71
1435.96
4397.55
4718.46
6866.94
3593.36
3094.74
411.56
9475.20
746.16
9497.04
2324.60
854.70
7285.04
7539.99
8951.72
6029.31
4817.00
3207.48
4632.36
4574.67
5896.22
7345.37
9993.18
8278.99
2795.35
8317.76
5282.07
74.44
7570.06
8506.02
2250.88
4498.02
8874.62
925.41
4963.75
2286.42
1107.37
4502.44
318.69
2336.94
4914.11
3442.08
5907.49
2322.37
8900.81
5674.84
8303.44
1678.56
3139.86
5765.71
1216.70
6683.36
1805.52
1779.53
8102.08
574.77
5832.56
7041.81
9040.99
2894.82
8599.10
4099.39
9979.89
6163.68
9601.43
387.87
1802.88
1110.71
1862.63
8775.06
6151.70
7577.48
5449.19
1965.89
7606.40
1722.55
8615.59
8315.22
7490.52
7212.13
5230.55
9122.13
2808.92
1107.37
3544.33
1178.10
6059.31
3598.84
5751.29
6193.67
7208.59
5572.29
4495.13
3455.25
602.51
4440.44
2208.81
7247.59
7428.79
2609.73
39.29
7856.97
9870.11
6085.00
3594.22
9643.26
8732.22
4351.35
1532.76
6513.65
1605.08
3195.33
1488.39
1611.76
2520.97
4825.17
4280.89
8949.64
2875.68
3000.99
5648.12
7674.89
9064.29
3660.70
3059.23
6038.25
4892.15
2444.32
8724.10
5313.27
7316.52
4048.36
7220.06
7038.12
2973.67
805.80
6191.53
4683.68
9528.40
3352.36
6935.90
4648.01
2534.11
4771.28
6118.62
4487.65
861.20
9728.62
1986.65
897.00
5430.31
1623.89
47.74
5459.35
6306.58
3931.11
5674.83
832.55
5009.19
860.75
2519.94
1730.28
326.98
8764.91
577.49
4675.89
6073.48
3577.22
4462.82
7962.26
8137.65
3029.86
2468.54
3893.35
1643.05
7512.02
605.62
913.37
9399.12
5836.69
8579.79
3802.98
3603.67
2920.78
856.25
6455.94
9331.96
5443.99
6699.74
9251.11
5746.65
9127.98
9275.45
2877.15
9406.94
8145.67
5252.01
8195.84
6966.23
8744.98
5677.10
6784.26
288.16
7594.23
1754.20
5598.79
5321.75
3040.11
7000.70
9520.69
5447.80
2590.87
210.88
7574.23
78.68
2654.93
5500.53
1385.36
4460.47
1418.44
8756.35
5501.16
5845.50
5307.99
8595.96
5071.79
7362.70
8574.87
1142.79
4332.58
2847.72
8685.69
669.55
6114.04
3443.34
2696.75
5701.31
1321.82
1349.73
9350.31
3356.35
1976.19
715.75
9117.81
9569.42
3593.20
960.91
8935.36
3836.45
1581.30
6418.84
384.08
668.49
5389.86
9182.55
1667.13
1246.10
136.95
7627.63
7227.54
8544.39
2499.57
6149.00
486.11
1127.95
3481.47
4719.49
795.32
6820.29
5252.87
5158.67
9403.90
1317.27
6507.81
8471.87
3459.04
681.48
114.80
67.90
2924.75
2176.62
3019.02
5953.97
5636.93
2179.96
3905.84
3381.23
7458.73
3689.94
4232.20
5714.35
5881.20
287.46
911.30
5010.21
9182.53
2476.16
6529.38
652.03
163.37
5200.89
6523.48
3941.54
3806.36
3696.05
7531.30
6119.00
2391.51
9252.60
3818.86
3734.55
3297.76
9037.84
4661.17
5082.01
7947.29
1351.00
2049.96
1901.76
18.91
8577.75
100.09
86.85
8404.85
7700.43
8571.60
9334.52
150.73
1898.44
6941.04
9772.98
5752.61
5623.70
9417.74
6863.56
3311.58
3400.56
9343.71
3074.96
387.63
5677.80
6508.49
7386.91
9563.73
3060.56
7591.04
2813.27
9019.09
6705.88
2915.49
3234.85
7167.72
1842.29
4403.28
3645.17
2135.07
5335.47
8322.71
4727.95
6323.57
1970.01
9975.49
23.38
6153.13
8244.69
4140.66
8963.17
5120.13
9616.85
6078.69
6660.94
9214.55
4486.89
6332.98
2115.15
5603.43
1036.09
2923.29
5440.17
1808.72
2760.75
2325.97
5488.18
5570.49
6205.13
6.57
1877.84
4762.69
181.57
4749.08
765.91
2506.91
5811.82
1510.14
4102.11
8930.36
8544.34
5427.55
4604.58
1493.95
4889.04
5691.21
3414.60
4179.23
1767.72
8347.77
6757.95
1854.43
6111.33
7051.52
283.19
5208.69
2591.20
5082.16
9732.41
8182.32
8587.61
8966.17
2995.05
8800.25
2552.13
1921.48
1866.18
8611.08
4445.99
3866.06
8320.06
2064.92
8978.03
4595.03
1634.50
2687.50
5207.01
7723.68
3873.91
444.25
9868.48
5230.24
8436.83
8918.57
6855.89
5178.44
4419.56
3801.41
318.44
2158.82
853.04
7968.77
4018.06
497.94
3164.89
8712.20
9314.06
4257.34
8661.55
4806.43
9083.42
2505.34
5266.44
2448.31
8384.39
5257.23
3498.04
2571.32
1688.28
5992.35
8109.92
8489.19
8447.72
2350.03
5082.85
6693.55
907.41
5429.99
2979.91
3818.43
5338.87
4265.26
2320.36
284.19
260.28
2743.01
6944.81
3299.98
7504.89
7956.52
537.42
92.24
7281.25
6643.92
5853.27
9190.38
1673.37
9719.64
2196.07
382.49
2289.61
7077.66
3526.22
7094.88
5886.93
1087.56
6468.23
7311.15
8633.80
226.48
1512.01
5251.94
2265.65
8416.63
4300.33
2993.90
5771.69
3447.52
8570.11
2865.69
4409.54
7663.91
3830.14
2388.04
3939.12
1958.33
4407.01
6184.01
2318.55
8714.33
7314.20
3199.49
8117.77
4588.56
6759.69
2877.85
7305.20
7342.21
7079.29
2094.65
1711.59
5337.41
7088.62
10.13
1909.83
7360.14
9955.45
1971.29
2328.90
3351.91
1390.30
3365.18
5661.46
4609.93
8915.45
1173.99
1061.80
3918.90
6967.43
8885.27
462.04
2921.78
9537.48
7609.70
557.71
284.24
9270.71
3705.90
158.34
5036.36
9491.54
9324.38
537.07
9145.52
5037.54
1915.40
6188.35
8753.23
4198.78
9304.32
5303.59
8443.97
7605.05
6489.48
9292.90
6985.80
2283.09
7034.07
2380.32
5403.36
3772.61
6328.82
9875.99
7769.30
7168.82
8426.20
2619.14
4612.83
3629.22
6169.94
3094.50
6326.57
7790.53
8880.38
6788.38
2143.95
1967.42
4106.08
7669.82
7866.99
5995.96
1600.61
1876.11
8591.35
5153.02
4689.86
52.76
7576.01
5136.85
4419.04
9744.53
3503.25
1977.00
4785.93
8888.93
5598.26
2491.18
2649.65
5633.80
7931.56
211.78
7369.15
4011.38
7100.66
6411.01
6477.93
9587.26
5156.69
128.46
8285.94
6265.35
6083.87
7059.95
5350.60
611.40
5556.22
668.98
7519.89
353.88
9586.22
3738.13
9967.88
7587.31
833.53
5127.40
8669.36
6593.36
688.54
9251.41
393.55
9907.21
6996.34
8619.83
1683.59
6905.05
8484.81
2295.17
1248.96
511.82
6395.16
782.12
7707.04
5571.31
940.64
7284.61
4201.08
6708.47
8066.77
8897.83
6682.16
8289.57
9680.09
7495.72
5811.48
9524.75
2148.31
2059.91
9853.70
5164.47
2381.91
3862.23
2128.28
2983.94
6880.51
6226.23
1035.52
2860.49
6013.57
8684.88
8156.85
3749.18
4829.72
7778.23
2189.91
1551.73
2469.03
9771.55
5407.59
6646.46
6730.76
6136.32
666.37
4609.13
3510.07
6052.22
6121.59
3042.20
8390.84
1728.63
55.20
2169.90
5348.93
3424.69
1657.43
6118.33
2848.73
3023.21
5007.18
5286.90
141.61
1180.94
1391.48
7620.85
2069.69
5035.14
2337.55
6621.31
6418.12
8496.70
8738.99
9468.30
8085.64
767.08
3000.11
1052.32
7029.05
4527.02
3496.05
8053.50
572.74
1882.77
2795.46
7530.52
4066.90
3183.88
4385.76
3503.58
4608.05
4122.04
9471.22
9478.90
4604.36
3701.84
3367.28
4884.36
8515.30
681.46
5262.36
3288.05
3421.04
7310.13
8331.60
7077.59
1581.50
9768.20
5597.98
4721.52
3952.94
843.56
2763.73
3669.73
7971.72
118.25
2296.90
6870.73
366.81
7863.50
6609.82
7550.98
5176.53
9903.34
1779.33
4370.27
6305.86
6736.15
9174.99
9076.02
638.21
6372.31
4810.91
2875.09
7215.40
5048.88
6772.96
8023.87
6833.30
1154.94
9576.39
3355.53
3182.92
6683.48
1467.85
2780.04
6594.16
5422.27
2840.95
9761.96
5745.79
7271.97
8793.10
6620.83
5218.01
2547.66
6736.80
8591.01
4725.31
9125.25
624.96
4875.60
9150.68
4898.17
4843.02
2741.32
910.88
6659.40
1255.56
1088.05
4428.96
5531.12
9625.38
5715.10
758.90
3624.72
194.82
4639.07
9558.99
9775.69
1429.75
2727.85
9708.77
7719.15
6058.54
8423.83
6785.94
9235.08
9747.27
580.77
263.79
7097.68
6399.68
4679.38
5571.66
943.44
8199.05
3747.35
9122.31
8393.93
5929.04
959.33
2383.21
232.98
1540.33
8804.46
1189.61
8599.38
8654.89
8954.58
116.89
7960.99
1821.46
323.05
1631.46
5481.76
7683.96
7795.12
3490.70
7082.53
3306.24
6160.60
4588.94
2191.20
4320.58
6393.67
8311.34
7087.26
1797.72
5799.04
7778.96
7590.45
2506.23
3437.67
7307.31
2872.84
4438.94
8398.32
9836.56
6145.53
1765.50
640.96
6856.97
2299.35
6645.12
8442.25
7350.46
8995.02
2442.36
8836.24
456.30
4928.96
5804.33
9489.49
6316.53
4725.31
1215.86
2797.11
7692.13
7507.98
180.85
8484.56
9023.47
6760.39
405.98
4954.19
6865.81
368.71
2505.73
3164.45
1668.10
4596.26
9178.40
490.15
2819.28
8151.34
8931.13
7902.76
226.39
792.28
9208.70
5141.40
424.67
7906.27
7281.13
954.00
7894.86
7071.59
3898.14
9061.36
1273.45
4603.42
5272.83
6140.50
517.82
215.33
1114.80
5553.00
6050.70
7840.43
9547.56
1943.15
4666.77
9111.21
4159.59
2980.13
2573.60
8319.04
6945.36
61.78
6371.52
8150.13
6613.19
3349.35
9591.59
5353.47
5666.40
1158.63
5089.16
8149.73
6322.71
1300.92
5332.43
9510.83
779.94
4367.31
7816.61
1636.40
6928.38
4346.80
8199.03
5544.11
7881.46
2678.98
5292.83
6492.13
1809.38
1980.96
1556.47
9858.58
2505.65
3726.25
4793.19
3044.18
7114.26
4708.77
6267.02
2082.79
3916.08
1710.73
5805.34
2767.64
920.44
2606.36
8371.99
7529.61
3645.28
5996.44
3427.32
4364.80
2582.21
4320.73
355.84
787.29
3394.56
2084.39
7432.06
4982.14
685.14
3901.59
2588.40
7551.75
8790.29
8687.62
2124.94
4454.77
224.15
7765.50
4007.13
6233.29
9735.52
3790.21
6968.42
4523.09
4434.85
2437.58
1677.35
6444.18
126.75
108.67
4135.18
3234.72
3446.15
2441.78
4098.53
481.02
9481.94
370.86
5339.80
5237.25
866.71
2317.40
3834.86
4247.19
7736.18
8529.67
9457.47
1182.33
1877.19
1091.23
4544.69
2021.73
2833.20
3401.58
6103.76
6566.72
9796.75
4237.09
8353.63
1894.70
3912.34
5621.07
9568.39
442.18
645.34
9083.36
6939.68
8542.90
7723.68
9580.49
3826.51
4210.71
2608.07
4974.87
95.72
8787.69
3299.09
1940.10
2820.96
9500.72
6413.87
2790.92
3072.30
4428.36
8916.02
3253.37
3745.42
7754.80
6574.29
60.11
875.71
2497.53
2616.13
1124.61
4947.84
4712.28
5361.19
9342.53
620.91
843.08
8019.78
5093.27
3897.93
1187.17
6552.42
2608.96
5204.47
340.57
9626.56
9323.39
5227.53
6274.45
8455.81
8754.44
541.72
712.69
1954.05
5416.39
5462.93
2618.71
2093.76
7362.00
4060.97
5154.90
7105.79
9914.70
1559.55
4743.88
4792.81
4239.15
4873.41
9942.80
813.61
138.07
9865.39
9501.81
7842.82
742.58
4175.90
3592.37
9866.97
9390.45
154.35
4732.61
8981.62
1436.65
2457.25
1314.66
7030.80
3300.47
1034.76
2213.17
8501.68
7881.17
1856.71
3948.45
2596.31
5987.68
6678.19
764.40
3926.82
2315.62
9461.70
3594.16
2907.25
959.44
6449.43
4961.18
2664.38
7328.69
9492.99
9657.19
8284.54
1898.81
7844.72
4597.25
1253.71
3831.15
674.25
9105.06
9754.07
6980.77
2459.61
6754.38
899.06
9683.59
6647.80
1131.88
827.66
358.56
5719.73
8396.19
7683.47
9996.20
6051.06
3672.37
169.10
2354.45
6792.71
4290.09
1662.82
5427.43
5886.11
8116.07
4722.10
9184.70
8634.86
5218.37
5289.37
6795.85
6816.84
1890.62
4722.52
6169.56
9259.26
1661.49
8641.16
2742.63
5739.73
1248.04
5176.39
808.43
3702.69
6740.95
263.44
6517.89
8926.72
4502.19
8669.37
7504.86
4481.63
6066.51
7002.43
2334.71
4540.83
477.25
6113.31
170.90
6243.20
1943.64
5058.23
4797.99
7105.47
6903.31
7260.50
4410.36
3286.33
5471.04
8583.83
9143.77
6260.00
5172.11
5374.81
1610.03
1382.32
5954.56
6069.60
6443.09
636.05
634.51
6038.55
4082.55
4388.05
794.13
4076.64
1129.01
9971.08
7058.91
4654.44
1204.92
7507.68
9652.52
8667.36
8797.64
1736.60
2877.31
8513.03
4625.60
9971.57
2810.93
3581.79
7400.07
5466.20
5714.47
738.53
832.39
1975.16
8968.08
6735.11
6073.41
516.51
5078.46
3009.57
2405.42
7759.95
8925.14
530.70
5566.34
1513.48
9893.37
5262.11
5365.05
7124.75
8187.33
8741.01
6217.12
106.07
2222.72
526.16
5144.56
8928.36
5796.25
6280.48
1442.93
7486.16
2806.61
8687.80
8021.24
4883.77
9735.70
5271.62
2175.58
1965.85
176.92
3443.28
8353.01
2746.65
6575.64
1697.70
2946.30
3706.10
6489.29
5677.79
5122.37
604.19
7778.25
300.09
6803.76
8927.43
3710.25
6236.25
6926.75
7849.79
6324.13
6902.86
8026.23
3757.87
478.74
1030.00
5404.96
8493.35
5324.69
9086.09
896.55
8639.46
8574.52
8828.96
743.60
3421.59
2282.13
8444.10
1340.95
8812.98
1936.73
8466.23
2079.81
6705.40
2164.46
647.47
4291.25
3030.79
5855.64
2457.86
7400.53
2230.21
4.19
29.28
9256.99
396.92
5370.75
1916.15
1636.51
6972.45
6687.22
7843.94
5220.54
7958.19
5780.74
5153.16
3888.79
5801.82
4929.30
5589.31
8546.14
6914.60
453.29
9010.59
2542.55
5556.96
6132.40
8201.71
5485.20
262.71
8375.22
9607.55
8311.58
4022.44
5031.89
6526.47
6960.93
7797.24
8784.36
2300.12
8003.61
7532.20
9823.36
1110.93
7168.64
6666.87
1779.80
3546.83
3898.07
5850.81
1946.09
1731.27
9178.74
3545.45
681.26
1964.17
5035.44
3927.61
9053.07
2433.86
2328.86
160.65
4500.22
6955.29
7059.47
4599.90
977.43
6492.57
6274.47
1489.60
2020.70
6627.14
3294.46
2804.48
4115.07
8535.62
3045.30
7596.85
5471.95
7778.20
7870.61
9438.16
1126.33
8665.92
8496.96
2951.32
2333.60
4772.09
1910.59
9139.87
3158.60
1087.36
4392.81
5378.76
491.76
5514.35
5914.29
2752.43
4184.25
4991.35
6131.51
8382.79
8963.96
4866.94
2507.34
1520.73
6224.52
8586.71
8907.46
1570.82
5967.31
8347.84
8100.72
7976.26
8784.05
4014.36
8378.83
6260.46
2069.91
3764.18
7087.62
287.57
2831.15
6223.32
1032.82
3698.67
5011.44
3236.48
8954.88
7019.91
1205.52
9950.49
9439.21
7873.82
6217.75
9507.11
1110.89
8769.16
7680.65
6850.74
7192.50
6062.35
1355.26
5677.66
3463.28
6782.66
3391.18
3283.27
2144.81
3717.84
4410.78
4670.26
2646.92
8901.57
504.06
4491.42
8954.62
9112.32
1597.99
5843.51
4469.12
9734.18
7771.12
9559.67
2369.86
637.11
2292.27
7814.21
9648.32
2247.05
8848.15
9468.34
1871.65
6209.01
8625.71
3088.14
1719.85
7241.41
5861.13
4562.68
4538.24
1183.12
5.57
9042.27
1588.16
8460.76
4766.88
3160.57
1266.73
6724.25
9151.07
3424.41
2041.02
5746.32
5422.72
3773.71
861.80
4192.94
6412.86
1259.92
6835.32
8313.98
8550.12
6010.47
8031.67
7251.32
7011.82
9383.47
1888.65
9041.47
9234.52
7247.51
3740.92
7021.79
1833.40
9400.68
2276.24
6014.31
266.28
7807.97
2990.28
3543.30
1508.60
4464.88
8488.84
9021.44
4237.13
2718.27
7050.63
6786.32
7776.72
3955.64
251.14
9595.26
4728.86
8847.96
8675.09
8614.04
3789.16
3759.03
6155.50
6632.65
2942.29
1034.67
210.70
1485.88
3326.78
338.05
7327.28
4431.52
4043.33
923.96
8295.03
9271.61
8227.50
1175.95
1702.01
7944.48
3792.14
8923.81
6284.14
2472.23
8186.03
5475.34
2026.41
8647.81
2222.55
6012.01
2464.24
9030.20
6370.59
1444.35
2338.77
7851.95
8709.69
5538.52
8977.76
9483.31
2993.01
4994.95
3936.68
9490.52
9396.09
7335.41
3502.74
3386.00
7889.53
7943.78
3515.96
3342.41
4054.58
5595.38
7014.44
8268.75
4671.73
1810.04
9736.75
2526.99
4660.58
353.29
1336.25
809.18
7848.16
1800.62
3259.95
2954.75
1033.24
9422.81
2065.14
4311.53
504.59
6757.93
1106.62
4339.88
8347.46
967.80
7844.19
4022.34
6455.61
6107.10
144.61
5853.64
4214.13
353.41
6592.59
7786.71
1764.97
9200.87
3264.63
2821.81
7020.25
9388.36
8301.52
4550.04
4055.79
9887.60
2788.59
2999.48
4338.70
4398.24
4792.76
1895.55
4973.81
8772.28
1892.46
64.28
2163.03
5428.42
5290.68
7540.22
6445.68
6824.80
7119.42
4799.16
2839.80
1182.07
5356.63
5471.22
8226.84
6918.55
7080.87
1835.03
3214.98
1617.83
7418.72
5667.16
7445.91
2877.66
940.28
5819.56
851.96
7749.77
7115.39
209.61
2097.40
6773.87
4531.30
4932.17
3526.78
6118.98
4568.69
2948.79
8377.40
3477.25
9701.72
4024.75
5244.01
5103.57
5725.96
8934.09
3749.00
9680.08
3532.86
1839.43
5650.60
6933.66
5196.18
7078.10
9056.50
8769.24
2676.15
9204.56
1893.66
2383.30
5384.26
1337.36
2273.07
2565.30
3173.90
1329.84
1640.00
2712.18
3452.32
2029.77
715.20
8734.81
1518.75
7942.86
9463.66
3514.35
589.25
9213.87
7771.55
2491.86
5317.03
735.98
8515.94
7513.20
1764.13
8262.06
336.93
179.44
7148.88
9243.58
5548.83
8288.43
3568.06
3067.79
6738.33
561.67
3268.09
8832.78
4110.86
5021.66
3572.44
9888.45
4648.93
9468.18
1002.35
3195.66
3943.30
8385.65
1602.57
2331.72
1638.34
5685.87
1528.53
6706.26
8966.31
6748.48
6579.49
4140.57
6555.61
3980.34
5855.29
8117.58
6818.61
9684.52
2900.77
157.49
4101.26
8572.19
9828.24
8161.73
1894.45
397.31
6059.13
7305.42
482.25
7922.24
3952.82
597.85
6207.36
1651.91
3293.25
2699.44
5410.86
8537.26
4322.10
5780.19
1364.78
5815.42
6712.04
8369.39
6344.05
2118.15
9067.01
4051.45
8886.37
5750.51
167.10
5404.04
8526.52
2225.82
6370.05
7124.82
3337.30
507.85
4593.41
8656.10
7758.57
3420.19
7482.01
6247.94
7280.95
6701.17
4851.76
5740.00
8003.87
4496.23
2760.16
7258.40
3970.83
3888.38
6059.34
185.93
6908.25
4639.99
7690.98
3349.49
1620.81
5847.10
2466.00
983.96
4098.20
8231.91
1639.90
2056.77
975.46
7701.31
9847.19
4413.92
1306.28
2450.01
8663.64
657.21
603.39
2600.19
4469.64
6751.58
2614.85
6961.77
5555.47
430.01
1665.95
5866.78
5093.89
9993.67
9785.51
7647.83
2342.39
7369.06
6666.85
6222.33
8554.53
5482.98
9050.82
177.59
5858.65
2811.24
7438.87
2159.21
509.62
2818.29
1335.29
4568.65
2229.65
5532.70
711.51
974.94
3243.19
6288.20
7517.25
4460.47
2314.33
5677.39
2128.86
2718.36
1759.05
7756.09
818.63
5487.26
7320.57
6532.47
6530.34
6886.67
1107.91
3578.48
6009.44
3479.12
8120.58
1172.28
4159.37
7947.79
8767.23
3532.12
8150.69
1231.63
3480.26
4605.90
4553.68
3861.13
622.43
4207.36
9911.66
8085.40
5496.70
8067.39
4556.25
5872.05
9987.86
7336.65
4667.16
6164.19
1290.83
8967.50
1665.32
2224.09
6283.30
4942.31
4610.79
1036.40
880.81
9074.59
3985.70
244.51
4668.85
8582.91
8635.68
5054.56
4878.83
2368.18
9705.16
1460.43
1217.24
3093.61
8796.46
2799.61
6013.04
2693.68
9136.23
6053.82
1622.30
9200.78
1068.95
1435.41
6395.71
2650.10
99.64
8526.10
3082.23
9085.28
4583.50
3286.45
9912.86
8135.39
2950.61
8758.84
3169.12
9597.82
9285.95
4961.40
4917.60
9922.05
3948.65
9472.73
914.02
3827.47
7305.20
7461.89
1734.07
3619.59
6613.59
6277.67
7247.36
6726.03
428.94
2997.63
4873.73
3439.27
755.61
3362.04
1224.52
1427.41
3764.30
7586.28
8645.35
8566.20
1330.34
8632.32
5942.96
5902.62
9179.84
559.40
7046.77
4979.78
3658.10
9982.13
9549.96
5133.22
6702.81
18.90
4929.54
5312.62
3058.73
8598.38
662.11
5344.19
63.09
6620.05
5388.29
4455.92
7841.26
1605.67
1545.72
8123.42
9778.81
2851.38
6573.05
8067.38
8200.34
3051.39
742.08
6175.95
1361.61
8091.57
9778.85
9004.26
1827.57
9220.28
1365.59
433.54
6727.89
1276.98
2192.68
6588.54
3225.87
5024.79
5344.24
4590.94
5186.80
5721.67
3842.40
8560.78
3556.27
8585.91
4200.61
2304.00
7233.18
935.62
1532.30
9050.66
5737.33
6823.54
782.46
3520.72
3533.24
1150.64
4924.38
4332.85
2322.97
1993.93
2571.31
939.70
2695.91
1964.49
4174.98
179.78
1919.55
2654.24
5966.12
1164.90
1537.45
4209.44
441.02
4777.12
9511.30
8915.56
9111.67
2150.62
6252.66
149.54
7839.35
84.70
7611.37
3312.13
1045.48
9088.01
7722.16
1243.03
9596.83
3398.98
6082.98
5755.95
9859.93
9865.63
4593.89
3762.22
317.95
7191.17
2518.80
4067.63
8257.46
5669.30
5761.52
3041.69
2895.27
2714.07
7094.58
2403.87
5599.84
3260.29
2781.70
2653.87
5024.69
5679.01
1261.10
488.68
8131.72
2014.46
7189.06
6849.92
1639.03
8467.61
4759.94
7090.35
2970.92
2268.97
9025.26
6200.63
2322.56
6000.00
1343.16
536.90
2059.87
2295.44
6406.87
2196.85
6690.61
6611.26
3033.77
5668.37
6535.27